
============================================================
Program for calculation of partial differential equations.  
============================================================
(c) Dr. Thomas Ludwig, TU München.
    Thomas A. Zochler, TU München.
    Andreas C. Schmidt, TU München.
============================================================
Berechnungszeit:    87.738085 s 
Berechnungsmethode: Gauss-Seidel
Interlines:         64
Stoerfunktion:      f(x,y)=0
Terminierung:       Anzahl der Iterationen
Anzahl Iterationen: 9000
Norm des Fehlers:   6.79959893799e-05
Matrix:
 2.00000000 1.87500000 1.75000000 1.62500000 1.50000000 1.37500000 1.25000000 1.12500000 1.00000000
 1.87500000 1.36320784 1.01624273 0.83898351 0.74906610 0.69481338 0.68218399 0.74368278 0.87500000
 1.75000000 1.01624273 0.54252545 0.33738568 0.27080480 0.26028919 0.31329598 0.47868389 0.75000000
 1.62500000 0.83898351 0.33738568 0.13025383 0.07514235 0.08034128 0.15041083 0.33410162 0.62500000
 1.50000000 0.74906609 0.27080480 0.07514235 0.02521721 0.03140417 0.09333587 0.25134597 0.50000000
 1.37500000 0.69481338 0.26028919 0.08034128 0.03140417 0.03110170 0.07418889 0.19024018 0.37500000
 1.25000000 0.68218399 0.31329598 0.15041083 0.09333587 0.07418889 0.08501484 0.14462348 0.25000000
 1.12500000 0.74368278 0.47868389 0.33410162 0.25134597 0.19024018 0.14462348 0.12341579 0.12500000
 1.00000000 0.87500000 0.75000000 0.62500000 0.50000000 0.37500000 0.25000000 0.12500000 0.00000000
