
============================================================
Program for calculation of partial differential equations.  
============================================================
(c) Dr. Thomas Ludwig, TU München.
    Thomas A. Zochler, TU München.
    Andreas C. Schmidt, TU München.
============================================================
Berechnungszeit:    96.595980 s 
Berechnungsmethode: Gauss-Seidel
Interlines:         64
Stoerfunktion:      f(x,y)=2pi^2*sin(pi*x)sin(pi*y)
Terminierung:       Anzahl der Iterationen
Anzahl Iterationen: 4000
Norm des Fehlers:   3.15419487266e-05
Matrix:
 0.00000000 0.00000000 0.00000000 0.00000000 0.00000000 0.00000000 0.00000000 0.00000000 0.00000000
 0.00000000 0.01966813 0.03644858 0.04769854 0.05168828 0.04780896 0.03664987 0.01989306 0.00000000
 0.00000000 0.03644858 0.06754589 0.08839432 0.09578824 0.08859930 0.06791949 0.03686584 0.00000000
 0.00000000 0.04769854 0.08839432 0.11567799 0.12535432 0.11594663 0.08888392 0.04824519 0.00000000
 0.00000000 0.05168828 0.09578824 0.12535432 0.13584025 0.12564577 0.09631938 0.05228117 0.00000000
 0.00000000 0.04780896 0.08859930 0.11594663 0.12564577 0.11621651 0.08909112 0.04835784 0.00000000
 0.00000000 0.03664987 0.06791949 0.08888392 0.09631938 0.08909112 0.06829704 0.03707110 0.00000000
 0.00000000 0.01989306 0.03686584 0.04824519 0.05228117 0.04835784 0.03707110 0.02012193 0.00000000
 0.00000000 0.00000000 0.00000000 0.00000000 0.00000000 0.00000000 0.00000000 0.00000000 0.00000000
