
============================================================
Program for calculation of partial differential equations.  
============================================================
(c) Dr. Thomas Ludwig, TU München.
    Thomas A. Zochler, TU München.
    Andreas C. Schmidt, TU München.
============================================================
Berechnungszeit:    141.508930 s 
Berechnungsmethode: Jacobi
Interlines:         64
Stoerfunktion:      f(x,y)=0
Terminierung:       Anzahl der Iterationen
Anzahl Iterationen: 9000
Norm des Fehlers:   7.18564288423e-05
Matrix:
 2.00000000 1.87500000 1.75000000 1.62500000 1.50000000 1.37500000 1.25000000 1.12500000 1.00000000
 1.87500000 1.02596259 0.64569791 0.54485593 0.49905212 0.45927576 0.44427572 0.55455346 0.87500000
 1.75000000 0.64569791 0.17868754 0.09153819 0.07920252 0.07492213 0.10250274 0.29114601 0.75000000
 1.62500000 0.54485593 0.09153819 0.01183816 0.00571371 0.00728964 0.03726858 0.21075395 0.62500000
 1.50000000 0.49905212 0.07920252 0.00571371 0.00042471 0.00201245 0.02647164 0.16638610 0.50000000
 1.37500000 0.45927576 0.07492213 0.00728964 0.00201245 0.00274112 0.02065252 0.12517377 0.37500000
 1.25000000 0.44427572 0.10250274 0.03726858 0.02647164 0.02065252 0.02631794 0.08972382 0.25000000
 1.12500000 0.55455346 0.29114601 0.21075395 0.16638610 0.12517377 0.08972382 0.08314433 0.12500000
 1.00000000 0.87500000 0.75000000 0.62500000 0.50000000 0.37500000 0.25000000 0.12500000 0.00000000
