
============================================================
Program for calculation of partial differential equations.  
============================================================
(c) Dr. Thomas Ludwig, TU München.
    Thomas A. Zochler, TU München.
    Andreas C. Schmidt, TU München.
============================================================
Berechnungszeit:    113.817426 s 
Berechnungsmethode: Jacobi
Interlines:         64
Stoerfunktion:      f(x,y)=2pi^2*sin(pi*x)sin(pi*y)
Terminierung:       Anzahl der Iterationen
Anzahl Iterationen: 4000
Norm des Fehlers:   1.69655242762e-05
Matrix:
 0.00000000 0.00000000 0.00000000 0.00000000 0.00000000 0.00000000 0.00000000 0.00000000 0.00000000
 0.00000000 0.01030982 0.01905006 0.02489010 0.02694085 0.02489010 0.01905006 0.01030982 0.00000000
 0.00000000 0.01905006 0.03519991 0.04599090 0.04978020 0.04599090 0.03519991 0.01905006 0.00000000
 0.00000000 0.02489010 0.04599090 0.06009001 0.06504096 0.06009001 0.04599090 0.02489010 0.00000000
 0.00000000 0.02694085 0.04978020 0.06504096 0.07039983 0.06504096 0.04978020 0.02694085 0.00000000
 0.00000000 0.02489010 0.04599090 0.06009001 0.06504096 0.06009001 0.04599090 0.02489010 0.00000000
 0.00000000 0.01905006 0.03519991 0.04599090 0.04978020 0.04599090 0.03519991 0.01905006 0.00000000
 0.00000000 0.01030982 0.01905006 0.02489010 0.02694085 0.02489010 0.01905006 0.01030982 0.00000000
 0.00000000 0.00000000 0.00000000 0.00000000 0.00000000 0.00000000 0.00000000 0.00000000 0.00000000
