drittner@west3:~/CLionProjects/HLR-UHH-2024-W/04-openmp$ ./partdiff-openmp-zeile 12 2 128 2 2 1000
============================================================
Program for calculation of partial differential equations.  
============================================================
(c) Dr. Thomas Ludwig, TU München.
    Thomas A. Zochler, TU München.
    Andreas C. Schmidt, TU München.
============================================================

Berechnungszeit:    2.435403 s 
Speicherbedarf:     16.282486 MiB
Berechnungsmethode: Jacobi
Interlines:         128
Stoerfunktion:      f(x,y) = 2pi^2*sin(pi*x)sin(pi*y)
Terminierung:       Anzahl der Iterationen
Anzahl Iterationen: 1000
Norm des Fehlers:   4.61211423283e-06

Matrix:
 0.00000000 0.00000000 0.00000000 0.00000000 0.00000000 0.00000000 0.00000000 0.00000000 0.00000000
 0.00000000 0.00067699 0.00125092 0.00163441 0.00176907 0.00163441 0.00125092 0.00067699 0.00000000
 0.00000000 0.00125092 0.00231140 0.00301999 0.00326882 0.00301999 0.00231140 0.00125092 0.00000000
 0.00000000 0.00163441 0.00301999 0.00394581 0.00427092 0.00394581 0.00301999 0.00163441 0.00000000
 0.00000000 0.00176907 0.00326882 0.00427092 0.00462281 0.00427092 0.00326882 0.00176907 0.00000000
 0.00000000 0.00163441 0.00301999 0.00394581 0.00427092 0.00394581 0.00301999 0.00163441 0.00000000
 0.00000000 0.00125092 0.00231140 0.00301999 0.00326882 0.00301999 0.00231140 0.00125092 0.00000000
 0.00000000 0.00067699 0.00125092 0.00163441 0.00176907 0.00163441 0.00125092 0.00067699 0.00000000
 0.00000000 0.00000000 0.00000000 0.00000000 0.00000000 0.00000000 0.00000000 0.00000000 0.00000000
drittner@west3:~/CLionProjects/HLR-UHH-2024-W/04-openmp$ ./partdiff-openmp-zeile 12 2 512 2 2 1000
============================================================
Program for calculation of partial differential equations.  
============================================================
(c) Dr. Thomas Ludwig, TU München.
    Thomas A. Zochler, TU München.
    Andreas C. Schmidt, TU München.
============================================================

Berechnungszeit:    34.914046 s 
Speicherbedarf:     257.126236 MiB
Berechnungsmethode: Jacobi
Interlines:         512
Stoerfunktion:      f(x,y) = 2pi^2*sin(pi*x)sin(pi*y)
Terminierung:       Anzahl der Iterationen
Anzahl Iterationen: 1000
Norm des Fehlers:   2.92905770772e-07

Matrix:
 0.00000000 0.00000000 0.00000000 0.00000000 0.00000000 0.00000000 0.00000000 0.00000000 0.00000000
 0.00000000 0.00004290 0.00007927 0.00010357 0.00011211 0.00010357 0.00007927 0.00004290 0.00000000
 0.00000000 0.00007927 0.00014647 0.00019138 0.00020715 0.00019138 0.00014647 0.00007927 0.00000000
 0.00000000 0.00010357 0.00019138 0.00025005 0.00027065 0.00025005 0.00019138 0.00010357 0.00000000
 0.00000000 0.00011211 0.00020715 0.00027065 0.00029295 0.00027065 0.00020715 0.00011211 0.00000000
 0.00000000 0.00010357 0.00019138 0.00025005 0.00027065 0.00025005 0.00019138 0.00010357 0.00000000
 0.00000000 0.00007927 0.00014647 0.00019138 0.00020715 0.00019138 0.00014647 0.00007927 0.00000000
 0.00000000 0.00004290 0.00007927 0.00010357 0.00011211 0.00010357 0.00007927 0.00004290 0.00000000
 0.00000000 0.00000000 0.00000000 0.00000000 0.00000000 0.00000000 0.00000000 0.00000000 0.00000000
drittner@west3:~/CLionProjects/HLR-UHH-2024-W/04-openmp$ ./partdiff-openmp-zeile 12 2 512 2 2 1000
============================================================
Program for calculation of partial differential equations.  
============================================================
(c) Dr. Thomas Ludwig, TU München.
    Thomas A. Zochler, TU München.
    Andreas C. Schmidt, TU München.
============================================================

Berechnungszeit:    34.916184 s 
Speicherbedarf:     257.126236 MiB
Berechnungsmethode: Jacobi
Interlines:         512
Stoerfunktion:      f(x,y) = 2pi^2*sin(pi*x)sin(pi*y)
Terminierung:       Anzahl der Iterationen
Anzahl Iterationen: 1000
Norm des Fehlers:   2.92905770772e-07

Matrix:
 0.00000000 0.00000000 0.00000000 0.00000000 0.00000000 0.00000000 0.00000000 0.00000000 0.00000000
 0.00000000 0.00004290 0.00007927 0.00010357 0.00011211 0.00010357 0.00007927 0.00004290 0.00000000
 0.00000000 0.00007927 0.00014647 0.00019138 0.00020715 0.00019138 0.00014647 0.00007927 0.00000000
 0.00000000 0.00010357 0.00019138 0.00025005 0.00027065 0.00025005 0.00019138 0.00010357 0.00000000
 0.00000000 0.00011211 0.00020715 0.00027065 0.00029295 0.00027065 0.00020715 0.00011211 0.00000000
 0.00000000 0.00010357 0.00019138 0.00025005 0.00027065 0.00025005 0.00019138 0.00010357 0.00000000
 0.00000000 0.00007927 0.00014647 0.00019138 0.00020715 0.00019138 0.00014647 0.00007927 0.00000000
 0.00000000 0.00004290 0.00007927 0.00010357 0.00011211 0.00010357 0.00007927 0.00004290 0.00000000
 0.00000000 0.00000000 0.00000000 0.00000000 0.00000000 0.00000000 0.00000000 0.00000000 0.00000000
drittner@west3:~/CLionProjects/HLR-UHH-2024-W/04-openmp$ ./partdiff-openmp-zeile 12 2 512 2 2 1000
============================================================
Program for calculation of partial differential equations.  
============================================================
(c) Dr. Thomas Ludwig, TU München.
    Thomas A. Zochler, TU München.
    Andreas C. Schmidt, TU München.
============================================================

Berechnungszeit:    34.894497 s 
Speicherbedarf:     257.126236 MiB
Berechnungsmethode: Jacobi
Interlines:         512
Stoerfunktion:      f(x,y) = 2pi^2*sin(pi*x)sin(pi*y)
Terminierung:       Anzahl der Iterationen
Anzahl Iterationen: 1000
Norm des Fehlers:   2.92905770772e-07

Matrix:
 0.00000000 0.00000000 0.00000000 0.00000000 0.00000000 0.00000000 0.00000000 0.00000000 0.00000000
 0.00000000 0.00004290 0.00007927 0.00010357 0.00011211 0.00010357 0.00007927 0.00004290 0.00000000
 0.00000000 0.00007927 0.00014647 0.00019138 0.00020715 0.00019138 0.00014647 0.00007927 0.00000000
 0.00000000 0.00010357 0.00019138 0.00025005 0.00027065 0.00025005 0.00019138 0.00010357 0.00000000
 0.00000000 0.00011211 0.00020715 0.00027065 0.00029295 0.00027065 0.00020715 0.00011211 0.00000000
 0.00000000 0.00010357 0.00019138 0.00025005 0.00027065 0.00025005 0.00019138 0.00010357 0.00000000
 0.00000000 0.00007927 0.00014647 0.00019138 0.00020715 0.00019138 0.00014647 0.00007927 0.00000000
 0.00000000 0.00004290 0.00007927 0.00010357 0.00011211 0.00010357 0.00007927 0.00004290 0.00000000
 0.00000000 0.00000000 0.00000000 0.00000000 0.00000000 0.00000000 0.00000000 0.00000000 0.00000000
drittner@west3:~/CLionProjects/HLR-UHH-2024-W/04-openmp$ guided durch
