Measurement 1 for value 1
============================================================
Program for calculation of partial differential equations.  
============================================================
(c) Dr. Thomas Ludwig, TU München.
    Thomas A. Zochler, TU München.
    Andreas C. Schmidt, TU München.
============================================================

Berechnungszeit:    368.370975 s 
Speicherbedarf:     257.126236 MiB
Berechnungsmethode: Jacobi
Interlines:         512
Stoerfunktion:      f(x,y) = 2pi^2*sin(pi*x)sin(pi*y)
Terminierung:       Anzahl der Iterationen
Anzahl Iterationen: 900
Norm des Fehlers:   2.92914352789e-07

Matrix:
 0.00000000 0.00000000 0.00000000 0.00000000 0.00000000 0.00000000 0.00000000 0.00000000 0.00000000
 0.00000000 0.00003861 0.00007135 0.00009322 0.00010090 0.00009322 0.00007135 0.00003861 0.00000000
 0.00000000 0.00007135 0.00013183 0.00017224 0.00018643 0.00017224 0.00013183 0.00007135 0.00000000
 0.00000000 0.00009322 0.00017224 0.00022505 0.00024359 0.00022505 0.00017224 0.00009322 0.00000000
 0.00000000 0.00010090 0.00018643 0.00024359 0.00026366 0.00024359 0.00018643 0.00010090 0.00000000
 0.00000000 0.00009322 0.00017224 0.00022505 0.00024359 0.00022505 0.00017224 0.00009322 0.00000000
 0.00000000 0.00007135 0.00013183 0.00017224 0.00018643 0.00017224 0.00013183 0.00007135 0.00000000
 0.00000000 0.00003861 0.00007135 0.00009322 0.00010090 0.00009322 0.00007135 0.00003861 0.00000000
 0.00000000 0.00000000 0.00000000 0.00000000 0.00000000 0.00000000 0.00000000 0.00000000 0.00000000
Measurement 1 for value 2
============================================================
Program for calculation of partial differential equations.  
============================================================
(c) Dr. Thomas Ludwig, TU München.
    Thomas A. Zochler, TU München.
    Andreas C. Schmidt, TU München.
============================================================

Berechnungszeit:    185.220341 s 
Speicherbedarf:     257.126236 MiB
Berechnungsmethode: Jacobi
Interlines:         512
Stoerfunktion:      f(x,y) = 2pi^2*sin(pi*x)sin(pi*y)
Terminierung:       Anzahl der Iterationen
Anzahl Iterationen: 900
Norm des Fehlers:   2.92914352789e-07

Matrix:
 0.00000000 0.00000000 0.00000000 0.00000000 0.00000000 0.00000000 0.00000000 0.00000000 0.00000000
 0.00000000 0.00003861 0.00007135 0.00009322 0.00010090 0.00009322 0.00007135 0.00003861 0.00000000
 0.00000000 0.00007135 0.00013183 0.00017224 0.00018643 0.00017224 0.00013183 0.00007135 0.00000000
 0.00000000 0.00009322 0.00017224 0.00022505 0.00024359 0.00022505 0.00017224 0.00009322 0.00000000
 0.00000000 0.00010090 0.00018643 0.00024359 0.00026366 0.00024359 0.00018643 0.00010090 0.00000000
 0.00000000 0.00009322 0.00017224 0.00022505 0.00024359 0.00022505 0.00017224 0.00009322 0.00000000
 0.00000000 0.00007135 0.00013183 0.00017224 0.00018643 0.00017224 0.00013183 0.00007135 0.00000000
 0.00000000 0.00003861 0.00007135 0.00009322 0.00010090 0.00009322 0.00007135 0.00003861 0.00000000
 0.00000000 0.00000000 0.00000000 0.00000000 0.00000000 0.00000000 0.00000000 0.00000000 0.00000000
Measurement 1 for value 3
============================================================
Program for calculation of partial differential equations.  
============================================================
(c) Dr. Thomas Ludwig, TU München.
    Thomas A. Zochler, TU München.
    Andreas C. Schmidt, TU München.
============================================================

Berechnungszeit:    123.856274 s 
Speicherbedarf:     257.126236 MiB
Berechnungsmethode: Jacobi
Interlines:         512
Stoerfunktion:      f(x,y) = 2pi^2*sin(pi*x)sin(pi*y)
Terminierung:       Anzahl der Iterationen
Anzahl Iterationen: 900
Norm des Fehlers:   6.10261962431e+266

Matrix:
 0.00000000 0.00000000 0.00000000 0.00000000 0.00000000 0.00000000 0.00000000 0.00000000 0.00000000
 0.00000000 0.00003861 0.00007135 0.00009322 0.00010090 0.00009322 0.00007135 0.00003861 0.00000000
 0.00000000 0.00007135 0.00013183 0.00017224 0.00018643 0.00017224 0.00013183 0.00007135 0.00000000
 0.00000000 0.00009322 0.00017224 0.00022505 0.00024359 0.00022505 0.00017224 0.00009322 0.00000000
 0.00000000 0.00010090 0.00018643 0.00024359 0.00026366 0.00024359 0.00018643 0.00010090 0.00000000
 0.00000000 0.00009322 0.00017224 0.00022505 0.00024359 0.00022505 0.00017224 0.00009322 0.00000000
 0.00000000 0.00007135 0.00013183 0.00017224 0.00018643 0.00017224 0.00013183 0.00007135 0.00000000
 0.00000000 0.00003861 0.00007135 0.00009322 0.00010090 0.00009322 0.00007135 0.00003861 0.00000000
 0.00000000 0.00000000 0.00000000 0.00000000 0.00000000 0.00000000 0.00000000 0.00000000 0.00000000
Measurement 1 for value 4
============================================================
Program for calculation of partial differential equations.  
============================================================
(c) Dr. Thomas Ludwig, TU München.
    Thomas A. Zochler, TU München.
    Andreas C. Schmidt, TU München.
============================================================

Berechnungszeit:    92.892278 s 
Speicherbedarf:     257.126236 MiB
Berechnungsmethode: Jacobi
Interlines:         512
Stoerfunktion:      f(x,y) = 2pi^2*sin(pi*x)sin(pi*y)
Terminierung:       Anzahl der Iterationen
Anzahl Iterationen: 900
Norm des Fehlers:   2.92914352789e-07

Matrix:
 0.00000000 0.00000000 0.00000000 0.00000000 0.00000000 0.00000000 0.00000000 0.00000000 0.00000000
 0.00000000 0.00003861 0.00007135 0.00009322 0.00010090 0.00009322 0.00007135 0.00003861 0.00000000
 0.00000000 0.00007135 0.00013183 0.00017224 0.00018643 0.00017224 0.00013183 0.00007135 0.00000000
 0.00000000 0.00009322 0.00017224 0.00022505 0.00024359 0.00022505 0.00017224 0.00009322 0.00000000
 0.00000000 0.00010090 0.00018643 0.00024359 0.00026366 0.00024359 0.00018643 0.00010090 0.00000000
 0.00000000 0.00009322 0.00017224 0.00022505 0.00024359 0.00022505 0.00017224 0.00009322 0.00000000
 0.00000000 0.00007135 0.00013183 0.00017224 0.00018643 0.00017224 0.00013183 0.00007135 0.00000000
 0.00000000 0.00003861 0.00007135 0.00009322 0.00010090 0.00009322 0.00007135 0.00003861 0.00000000
 0.00000000 0.00000000 0.00000000 0.00000000 0.00000000 0.00000000 0.00000000 0.00000000 0.00000000
Measurement 1 for value 5
============================================================
Program for calculation of partial differential equations.  
============================================================
(c) Dr. Thomas Ludwig, TU München.
    Thomas A. Zochler, TU München.
    Andreas C. Schmidt, TU München.
============================================================

Berechnungszeit:    75.120278 s 
Speicherbedarf:     257.126236 MiB
Berechnungsmethode: Jacobi
Interlines:         512
Stoerfunktion:      f(x,y) = 2pi^2*sin(pi*x)sin(pi*y)
Terminierung:       Anzahl der Iterationen
Anzahl Iterationen: 900
Norm des Fehlers:   2.92914352789e-07

Matrix:
 0.00000000 0.00000000 0.00000000 0.00000000 0.00000000 0.00000000 0.00000000 0.00000000 0.00000000
 0.00000000 0.00003861 0.00007135 0.00009322 0.00010090 0.00009322 0.00007135 0.00003861 0.00000000
 0.00000000 0.00007135 0.00013183 0.00017224 0.00018643 0.00017224 0.00013183 0.00007135 0.00000000
 0.00000000 0.00009322 0.00017224 0.00022505 0.00024359 0.00022505 0.00017224 0.00009322 0.00000000
 0.00000000 0.00010090 0.00018643 0.00024359 0.00026366 0.00024359 0.00018643 0.00010090 0.00000000
 0.00000000 0.00009322 0.00017224 0.00022505 0.00024359 0.00022505 0.00017224 0.00009322 0.00000000
 0.00000000 0.00007135 0.00013183 0.00017224 0.00018643 0.00017224 0.00013183 0.00007135 0.00000000
 0.00000000 0.00003861 0.00007135 0.00009322 0.00010090 0.00009322 0.00007135 0.00003861 0.00000000
 0.00000000 0.00000000 0.00000000 0.00000000 0.00000000 0.00000000 0.00000000 0.00000000 0.00000000
Measurement 1 for value 6
============================================================
Program for calculation of partial differential equations.  
============================================================
(c) Dr. Thomas Ludwig, TU München.
    Thomas A. Zochler, TU München.
    Andreas C. Schmidt, TU München.
============================================================

Berechnungszeit:    61.948055 s 
Speicherbedarf:     257.126236 MiB
Berechnungsmethode: Jacobi
Interlines:         512
Stoerfunktion:      f(x,y) = 2pi^2*sin(pi*x)sin(pi*y)
Terminierung:       Anzahl der Iterationen
Anzahl Iterationen: 900
Norm des Fehlers:   2.92914352789e-07

Matrix:
 0.00000000 0.00000000 0.00000000 0.00000000 0.00000000 0.00000000 0.00000000 0.00000000 0.00000000
 0.00000000 0.00003861 0.00007135 0.00009322 0.00010090 0.00009322 0.00007135 0.00003861 0.00000000
 0.00000000 0.00007135 0.00013183 0.00017224 0.00018643 0.00017224 0.00013183 0.00007135 0.00000000
 0.00000000 0.00009322 0.00017224 0.00022505 0.00024359 0.00022505 0.00017224 0.00009322 0.00000000
 0.00000000 0.00010090 0.00018643 0.00024359 0.00026366 0.00024359 0.00018643 0.00010090 0.00000000
 0.00000000 0.00009322 0.00017224 0.00022505 0.00024359 0.00022505 0.00017224 0.00009322 0.00000000
 0.00000000 0.00007135 0.00013183 0.00017224 0.00018643 0.00017224 0.00013183 0.00007135 0.00000000
 0.00000000 0.00003861 0.00007135 0.00009322 0.00010090 0.00009322 0.00007135 0.00003861 0.00000000
 0.00000000 0.00000000 0.00000000 0.00000000 0.00000000 0.00000000 0.00000000 0.00000000 0.00000000
Measurement 1 for value 7
============================================================
Program for calculation of partial differential equations.  
============================================================
(c) Dr. Thomas Ludwig, TU München.
    Thomas A. Zochler, TU München.
    Andreas C. Schmidt, TU München.
============================================================

Berechnungszeit:    53.560354 s 
Speicherbedarf:     257.126236 MiB
Berechnungsmethode: Jacobi
Interlines:         512
Stoerfunktion:      f(x,y) = 2pi^2*sin(pi*x)sin(pi*y)
Terminierung:       Anzahl der Iterationen
Anzahl Iterationen: 900
Norm des Fehlers:   2.14001390050e+270

Matrix:
 0.00000000 0.00000000 0.00000000 0.00000000 0.00000000 0.00000000 0.00000000 0.00000000 0.00000000
 0.00000000 0.00003861 0.00007135 0.00009322 0.00010090 0.00009322 0.00007135 0.00003861 0.00000000
 0.00000000 0.00007135 0.00013183 0.00017224 0.00018643 0.00017224 0.00013183 0.00007135 0.00000000
 0.00000000 0.00009322 0.00017224 0.00022505 0.00024359 0.00022505 0.00017224 0.00009322 0.00000000
 0.00000000 0.00010090 0.00018643 0.00024359 0.00026366 0.00024359 0.00018643 0.00010090 0.00000000
 0.00000000 0.00009322 0.00017224 0.00022505 0.00024359 0.00022505 0.00017224 0.00009322 0.00000000
 0.00000000 0.00007135 0.00013183 0.00017224 0.00018643 0.00017224 0.00013183 0.00007135 0.00000000
 0.00000000 0.00003861 0.00007135 0.00009322 0.00010090 0.00009322 0.00007135 0.00003861 0.00000000
 0.00000000 0.00000000 0.00000000 0.00000000 0.00000000 0.00000000 0.00000000 0.00000000 0.00000000
Measurement 1 for value 8
============================================================
Program for calculation of partial differential equations.  
============================================================
(c) Dr. Thomas Ludwig, TU München.
    Thomas A. Zochler, TU München.
    Andreas C. Schmidt, TU München.
============================================================

Berechnungszeit:    46.875303 s 
Speicherbedarf:     257.126236 MiB
Berechnungsmethode: Jacobi
Interlines:         512
Stoerfunktion:      f(x,y) = 2pi^2*sin(pi*x)sin(pi*y)
Terminierung:       Anzahl der Iterationen
Anzahl Iterationen: 900
Norm des Fehlers:   2.92914352789e-07

Matrix:
 0.00000000 0.00000000 0.00000000 0.00000000 0.00000000 0.00000000 0.00000000 0.00000000 0.00000000
 0.00000000 0.00003861 0.00007135 0.00009322 0.00010090 0.00009322 0.00007135 0.00003861 0.00000000
 0.00000000 0.00007135 0.00013183 0.00017224 0.00018643 0.00017224 0.00013183 0.00007135 0.00000000
 0.00000000 0.00009322 0.00017224 0.00022505 0.00024359 0.00022505 0.00017224 0.00009322 0.00000000
 0.00000000 0.00010090 0.00018643 0.00024359 0.00026366 0.00024359 0.00018643 0.00010090 0.00000000
 0.00000000 0.00009322 0.00017224 0.00022505 0.00024359 0.00022505 0.00017224 0.00009322 0.00000000
 0.00000000 0.00007135 0.00013183 0.00017224 0.00018643 0.00017224 0.00013183 0.00007135 0.00000000
 0.00000000 0.00003861 0.00007135 0.00009322 0.00010090 0.00009322 0.00007135 0.00003861 0.00000000
 0.00000000 0.00000000 0.00000000 0.00000000 0.00000000 0.00000000 0.00000000 0.00000000 0.00000000
Measurement 1 for value 9
============================================================
Program for calculation of partial differential equations.  
============================================================
(c) Dr. Thomas Ludwig, TU München.
    Thomas A. Zochler, TU München.
    Andreas C. Schmidt, TU München.
============================================================

Berechnungszeit:    41.725291 s 
Speicherbedarf:     257.126236 MiB
Berechnungsmethode: Jacobi
Interlines:         512
Stoerfunktion:      f(x,y) = 2pi^2*sin(pi*x)sin(pi*y)
Terminierung:       Anzahl der Iterationen
Anzahl Iterationen: 900
Norm des Fehlers:   2.92914352789e-07

Matrix:
 0.00000000 0.00000000 0.00000000 0.00000000 0.00000000 0.00000000 0.00000000 0.00000000 0.00000000
 0.00000000 0.00003861 0.00007135 0.00009322 0.00010090 0.00009322 0.00007135 0.00003861 0.00000000
 0.00000000 0.00007135 0.00013183 0.00017224 0.00018643 0.00017224 0.00013183 0.00007135 0.00000000
 0.00000000 0.00009322 0.00017224 0.00022505 0.00024359 0.00022505 0.00017224 0.00009322 0.00000000
 0.00000000 0.00010090 0.00018643 0.00024359 0.00026366 0.00024359 0.00018643 0.00010090 0.00000000
 0.00000000 0.00009322 0.00017224 0.00022505 0.00024359 0.00022505 0.00017224 0.00009322 0.00000000
 0.00000000 0.00007135 0.00013183 0.00017224 0.00018643 0.00017224 0.00013183 0.00007135 0.00000000
 0.00000000 0.00003861 0.00007135 0.00009322 0.00010090 0.00009322 0.00007135 0.00003861 0.00000000
 0.00000000 0.00000000 0.00000000 0.00000000 0.00000000 0.00000000 0.00000000 0.00000000 0.00000000
Measurement 1 for value 10
============================================================
Program for calculation of partial differential equations.  
============================================================
(c) Dr. Thomas Ludwig, TU München.
    Thomas A. Zochler, TU München.
    Andreas C. Schmidt, TU München.
============================================================

Berechnungszeit:    37.873284 s 
Speicherbedarf:     257.126236 MiB
Berechnungsmethode: Jacobi
Interlines:         512
Stoerfunktion:      f(x,y) = 2pi^2*sin(pi*x)sin(pi*y)
Terminierung:       Anzahl der Iterationen
Anzahl Iterationen: 900
Norm des Fehlers:   2.92914352789e-07

Matrix:
 0.00000000 0.00000000 0.00000000 0.00000000 0.00000000 0.00000000 0.00000000 0.00000000 0.00000000
 0.00000000 0.00003861 0.00007135 0.00009322 0.00010090 0.00009322 0.00007135 0.00003861 0.00000000
 0.00000000 0.00007135 0.00013183 0.00017224 0.00018643 0.00017224 0.00013183 0.00007135 0.00000000
 0.00000000 0.00009322 0.00017224 0.00022505 0.00024359 0.00022505 0.00017224 0.00009322 0.00000000
 0.00000000 0.00010090 0.00018643 0.00024359 0.00026366 0.00024359 0.00018643 0.00010090 0.00000000
 0.00000000 0.00009322 0.00017224 0.00022505 0.00024359 0.00022505 0.00017224 0.00009322 0.00000000
 0.00000000 0.00007135 0.00013183 0.00017224 0.00018643 0.00017224 0.00013183 0.00007135 0.00000000
 0.00000000 0.00003861 0.00007135 0.00009322 0.00010090 0.00009322 0.00007135 0.00003861 0.00000000
 0.00000000 0.00000000 0.00000000 0.00000000 0.00000000 0.00000000 0.00000000 0.00000000 0.00000000
Measurement 1 for value 11
============================================================
Program for calculation of partial differential equations.  
============================================================
(c) Dr. Thomas Ludwig, TU München.
    Thomas A. Zochler, TU München.
    Andreas C. Schmidt, TU München.
============================================================

Berechnungszeit:    35.446917 s 
Speicherbedarf:     257.126236 MiB
Berechnungsmethode: Jacobi
Interlines:         512
Stoerfunktion:      f(x,y) = 2pi^2*sin(pi*x)sin(pi*y)
Terminierung:       Anzahl der Iterationen
Anzahl Iterationen: 900
Norm des Fehlers:   2.92914352789e-07

Matrix:
 0.00000000 0.00000000 0.00000000 0.00000000 0.00000000 0.00000000 0.00000000 0.00000000 0.00000000
 0.00000000 0.00003861 0.00007135 0.00009322 0.00010090 0.00009322 0.00007135 0.00003861 0.00000000
 0.00000000 0.00007135 0.00013183 0.00017224 0.00018643 0.00017224 0.00013183 0.00007135 0.00000000
 0.00000000 0.00009322 0.00017224 0.00022505 0.00024359 0.00022505 0.00017224 0.00009322 0.00000000
 0.00000000 0.00010090 0.00018643 0.00024359 0.00026366 0.00024359 0.00018643 0.00010090 0.00000000
 0.00000000 0.00009322 0.00017224 0.00022505 0.00024359 0.00022505 0.00017224 0.00009322 0.00000000
 0.00000000 0.00007135 0.00013183 0.00017224 0.00018643 0.00017224 0.00013183 0.00007135 0.00000000
 0.00000000 0.00003861 0.00007135 0.00009322 0.00010090 0.00009322 0.00007135 0.00003861 0.00000000
 0.00000000 0.00000000 0.00000000 0.00000000 0.00000000 0.00000000 0.00000000 0.00000000 0.00000000
Measurement 1 for value 12
============================================================
Program for calculation of partial differential equations.  
============================================================
(c) Dr. Thomas Ludwig, TU München.
    Thomas A. Zochler, TU München.
    Andreas C. Schmidt, TU München.
============================================================

Berechnungszeit:    33.062448 s 
Speicherbedarf:     257.126236 MiB
Berechnungsmethode: Jacobi
Interlines:         512
Stoerfunktion:      f(x,y) = 2pi^2*sin(pi*x)sin(pi*y)
Terminierung:       Anzahl der Iterationen
Anzahl Iterationen: 900
Norm des Fehlers:   2.92914352789e-07

Matrix:
 0.00000000 0.00000000 0.00000000 0.00000000 0.00000000 0.00000000 0.00000000 0.00000000 0.00000000
 0.00000000 0.00003861 0.00007135 0.00009322 0.00010090 0.00009322 0.00007135 0.00003861 0.00000000
 0.00000000 0.00007135 0.00013183 0.00017224 0.00018643 0.00017224 0.00013183 0.00007135 0.00000000
 0.00000000 0.00009322 0.00017224 0.00022505 0.00024359 0.00022505 0.00017224 0.00009322 0.00000000
 0.00000000 0.00010090 0.00018643 0.00024359 0.00026366 0.00024359 0.00018643 0.00010090 0.00000000
 0.00000000 0.00009322 0.00017224 0.00022505 0.00024359 0.00022505 0.00017224 0.00009322 0.00000000
 0.00000000 0.00007135 0.00013183 0.00017224 0.00018643 0.00017224 0.00013183 0.00007135 0.00000000
 0.00000000 0.00003861 0.00007135 0.00009322 0.00010090 0.00009322 0.00007135 0.00003861 0.00000000
 0.00000000 0.00000000 0.00000000 0.00000000 0.00000000 0.00000000 0.00000000 0.00000000 0.00000000
Measurement 2 for value 1
============================================================
Program for calculation of partial differential equations.  
============================================================
(c) Dr. Thomas Ludwig, TU München.
    Thomas A. Zochler, TU München.
    Andreas C. Schmidt, TU München.
============================================================

Berechnungszeit:    368.443463 s 
Speicherbedarf:     257.126236 MiB
Berechnungsmethode: Jacobi
Interlines:         512
Stoerfunktion:      f(x,y) = 2pi^2*sin(pi*x)sin(pi*y)
Terminierung:       Anzahl der Iterationen
Anzahl Iterationen: 900
Norm des Fehlers:   2.92914352789e-07

Matrix:
 0.00000000 0.00000000 0.00000000 0.00000000 0.00000000 0.00000000 0.00000000 0.00000000 0.00000000
 0.00000000 0.00003861 0.00007135 0.00009322 0.00010090 0.00009322 0.00007135 0.00003861 0.00000000
 0.00000000 0.00007135 0.00013183 0.00017224 0.00018643 0.00017224 0.00013183 0.00007135 0.00000000
 0.00000000 0.00009322 0.00017224 0.00022505 0.00024359 0.00022505 0.00017224 0.00009322 0.00000000
 0.00000000 0.00010090 0.00018643 0.00024359 0.00026366 0.00024359 0.00018643 0.00010090 0.00000000
 0.00000000 0.00009322 0.00017224 0.00022505 0.00024359 0.00022505 0.00017224 0.00009322 0.00000000
 0.00000000 0.00007135 0.00013183 0.00017224 0.00018643 0.00017224 0.00013183 0.00007135 0.00000000
 0.00000000 0.00003861 0.00007135 0.00009322 0.00010090 0.00009322 0.00007135 0.00003861 0.00000000
 0.00000000 0.00000000 0.00000000 0.00000000 0.00000000 0.00000000 0.00000000 0.00000000 0.00000000
Measurement 2 for value 2
============================================================
Program for calculation of partial differential equations.  
============================================================
(c) Dr. Thomas Ludwig, TU München.
    Thomas A. Zochler, TU München.
    Andreas C. Schmidt, TU München.
============================================================

Berechnungszeit:    184.429019 s 
Speicherbedarf:     257.126236 MiB
Berechnungsmethode: Jacobi
Interlines:         512
Stoerfunktion:      f(x,y) = 2pi^2*sin(pi*x)sin(pi*y)
Terminierung:       Anzahl der Iterationen
Anzahl Iterationen: 900
Norm des Fehlers:   2.92914352789e-07

Matrix:
 0.00000000 0.00000000 0.00000000 0.00000000 0.00000000 0.00000000 0.00000000 0.00000000 0.00000000
 0.00000000 0.00003861 0.00007135 0.00009322 0.00010090 0.00009322 0.00007135 0.00003861 0.00000000
 0.00000000 0.00007135 0.00013183 0.00017224 0.00018643 0.00017224 0.00013183 0.00007135 0.00000000
 0.00000000 0.00009322 0.00017224 0.00022505 0.00024359 0.00022505 0.00017224 0.00009322 0.00000000
 0.00000000 0.00010090 0.00018643 0.00024359 0.00026366 0.00024359 0.00018643 0.00010090 0.00000000
 0.00000000 0.00009322 0.00017224 0.00022505 0.00024359 0.00022505 0.00017224 0.00009322 0.00000000
 0.00000000 0.00007135 0.00013183 0.00017224 0.00018643 0.00017224 0.00013183 0.00007135 0.00000000
 0.00000000 0.00003861 0.00007135 0.00009322 0.00010090 0.00009322 0.00007135 0.00003861 0.00000000
 0.00000000 0.00000000 0.00000000 0.00000000 0.00000000 0.00000000 0.00000000 0.00000000 0.00000000
Measurement 2 for value 3
============================================================
Program for calculation of partial differential equations.  
============================================================
(c) Dr. Thomas Ludwig, TU München.
    Thomas A. Zochler, TU München.
    Andreas C. Schmidt, TU München.
============================================================

Berechnungszeit:    123.984624 s 
Speicherbedarf:     257.126236 MiB
Berechnungsmethode: Jacobi
Interlines:         512
Stoerfunktion:      f(x,y) = 2pi^2*sin(pi*x)sin(pi*y)
Terminierung:       Anzahl der Iterationen
Anzahl Iterationen: 900
Norm des Fehlers:   2.92914352789e-07

Matrix:
 0.00000000 0.00000000 0.00000000 0.00000000 0.00000000 0.00000000 0.00000000 0.00000000 0.00000000
 0.00000000 0.00003861 0.00007135 0.00009322 0.00010090 0.00009322 0.00007135 0.00003861 0.00000000
 0.00000000 0.00007135 0.00013183 0.00017224 0.00018643 0.00017224 0.00013183 0.00007135 0.00000000
 0.00000000 0.00009322 0.00017224 0.00022505 0.00024359 0.00022505 0.00017224 0.00009322 0.00000000
 0.00000000 0.00010090 0.00018643 0.00024359 0.00026366 0.00024359 0.00018643 0.00010090 0.00000000
 0.00000000 0.00009322 0.00017224 0.00022505 0.00024359 0.00022505 0.00017224 0.00009322 0.00000000
 0.00000000 0.00007135 0.00013183 0.00017224 0.00018643 0.00017224 0.00013183 0.00007135 0.00000000
 0.00000000 0.00003861 0.00007135 0.00009322 0.00010090 0.00009322 0.00007135 0.00003861 0.00000000
 0.00000000 0.00000000 0.00000000 0.00000000 0.00000000 0.00000000 0.00000000 0.00000000 0.00000000
Measurement 2 for value 4
============================================================
Program for calculation of partial differential equations.  
============================================================
(c) Dr. Thomas Ludwig, TU München.
    Thomas A. Zochler, TU München.
    Andreas C. Schmidt, TU München.
============================================================

Berechnungszeit:    92.985127 s 
Speicherbedarf:     257.126236 MiB
Berechnungsmethode: Jacobi
Interlines:         512
Stoerfunktion:      f(x,y) = 2pi^2*sin(pi*x)sin(pi*y)
Terminierung:       Anzahl der Iterationen
Anzahl Iterationen: 900
Norm des Fehlers:   2.92914352789e-07

Matrix:
 0.00000000 0.00000000 0.00000000 0.00000000 0.00000000 0.00000000 0.00000000 0.00000000 0.00000000
 0.00000000 0.00003861 0.00007135 0.00009322 0.00010090 0.00009322 0.00007135 0.00003861 0.00000000
 0.00000000 0.00007135 0.00013183 0.00017224 0.00018643 0.00017224 0.00013183 0.00007135 0.00000000
 0.00000000 0.00009322 0.00017224 0.00022505 0.00024359 0.00022505 0.00017224 0.00009322 0.00000000
 0.00000000 0.00010090 0.00018643 0.00024359 0.00026366 0.00024359 0.00018643 0.00010090 0.00000000
 0.00000000 0.00009322 0.00017224 0.00022505 0.00024359 0.00022505 0.00017224 0.00009322 0.00000000
 0.00000000 0.00007135 0.00013183 0.00017224 0.00018643 0.00017224 0.00013183 0.00007135 0.00000000
 0.00000000 0.00003861 0.00007135 0.00009322 0.00010090 0.00009322 0.00007135 0.00003861 0.00000000
 0.00000000 0.00000000 0.00000000 0.00000000 0.00000000 0.00000000 0.00000000 0.00000000 0.00000000
Measurement 2 for value 5
============================================================
Program for calculation of partial differential equations.  
============================================================
(c) Dr. Thomas Ludwig, TU München.
    Thomas A. Zochler, TU München.
    Andreas C. Schmidt, TU München.
============================================================

Berechnungszeit:    74.283182 s 
Speicherbedarf:     257.126236 MiB
Berechnungsmethode: Jacobi
Interlines:         512
Stoerfunktion:      f(x,y) = 2pi^2*sin(pi*x)sin(pi*y)
Terminierung:       Anzahl der Iterationen
Anzahl Iterationen: 900
Norm des Fehlers:   2.92914352789e-07

Matrix:
 0.00000000 0.00000000 0.00000000 0.00000000 0.00000000 0.00000000 0.00000000 0.00000000 0.00000000
 0.00000000 0.00003861 0.00007135 0.00009322 0.00010090 0.00009322 0.00007135 0.00003861 0.00000000
 0.00000000 0.00007135 0.00013183 0.00017224 0.00018643 0.00017224 0.00013183 0.00007135 0.00000000
 0.00000000 0.00009322 0.00017224 0.00022505 0.00024359 0.00022505 0.00017224 0.00009322 0.00000000
 0.00000000 0.00010090 0.00018643 0.00024359 0.00026366 0.00024359 0.00018643 0.00010090 0.00000000
 0.00000000 0.00009322 0.00017224 0.00022505 0.00024359 0.00022505 0.00017224 0.00009322 0.00000000
 0.00000000 0.00007135 0.00013183 0.00017224 0.00018643 0.00017224 0.00013183 0.00007135 0.00000000
 0.00000000 0.00003861 0.00007135 0.00009322 0.00010090 0.00009322 0.00007135 0.00003861 0.00000000
 0.00000000 0.00000000 0.00000000 0.00000000 0.00000000 0.00000000 0.00000000 0.00000000 0.00000000
Measurement 2 for value 6
============================================================
Program for calculation of partial differential equations.  
============================================================
(c) Dr. Thomas Ludwig, TU München.
    Thomas A. Zochler, TU München.
    Andreas C. Schmidt, TU München.
============================================================

Berechnungszeit:    62.142703 s 
Speicherbedarf:     257.126236 MiB
Berechnungsmethode: Jacobi
Interlines:         512
Stoerfunktion:      f(x,y) = 2pi^2*sin(pi*x)sin(pi*y)
Terminierung:       Anzahl der Iterationen
Anzahl Iterationen: 900
Norm des Fehlers:   2.92914352789e-07

Matrix:
 0.00000000 0.00000000 0.00000000 0.00000000 0.00000000 0.00000000 0.00000000 0.00000000 0.00000000
 0.00000000 0.00003861 0.00007135 0.00009322 0.00010090 0.00009322 0.00007135 0.00003861 0.00000000
 0.00000000 0.00007135 0.00013183 0.00017224 0.00018643 0.00017224 0.00013183 0.00007135 0.00000000
 0.00000000 0.00009322 0.00017224 0.00022505 0.00024359 0.00022505 0.00017224 0.00009322 0.00000000
 0.00000000 0.00010090 0.00018643 0.00024359 0.00026366 0.00024359 0.00018643 0.00010090 0.00000000
 0.00000000 0.00009322 0.00017224 0.00022505 0.00024359 0.00022505 0.00017224 0.00009322 0.00000000
 0.00000000 0.00007135 0.00013183 0.00017224 0.00018643 0.00017224 0.00013183 0.00007135 0.00000000
 0.00000000 0.00003861 0.00007135 0.00009322 0.00010090 0.00009322 0.00007135 0.00003861 0.00000000
 0.00000000 0.00000000 0.00000000 0.00000000 0.00000000 0.00000000 0.00000000 0.00000000 0.00000000
Measurement 2 for value 7
============================================================
Program for calculation of partial differential equations.  
============================================================
(c) Dr. Thomas Ludwig, TU München.
    Thomas A. Zochler, TU München.
    Andreas C. Schmidt, TU München.
============================================================

Berechnungszeit:    53.390366 s 
Speicherbedarf:     257.126236 MiB
Berechnungsmethode: Jacobi
Interlines:         512
Stoerfunktion:      f(x,y) = 2pi^2*sin(pi*x)sin(pi*y)
Terminierung:       Anzahl der Iterationen
Anzahl Iterationen: 900
Norm des Fehlers:   2.92914352789e-07

Matrix:
 0.00000000 0.00000000 0.00000000 0.00000000 0.00000000 0.00000000 0.00000000 0.00000000 0.00000000
 0.00000000 0.00003861 0.00007135 0.00009322 0.00010090 0.00009322 0.00007135 0.00003861 0.00000000
 0.00000000 0.00007135 0.00013183 0.00017224 0.00018643 0.00017224 0.00013183 0.00007135 0.00000000
 0.00000000 0.00009322 0.00017224 0.00022505 0.00024359 0.00022505 0.00017224 0.00009322 0.00000000
 0.00000000 0.00010090 0.00018643 0.00024359 0.00026366 0.00024359 0.00018643 0.00010090 0.00000000
 0.00000000 0.00009322 0.00017224 0.00022505 0.00024359 0.00022505 0.00017224 0.00009322 0.00000000
 0.00000000 0.00007135 0.00013183 0.00017224 0.00018643 0.00017224 0.00013183 0.00007135 0.00000000
 0.00000000 0.00003861 0.00007135 0.00009322 0.00010090 0.00009322 0.00007135 0.00003861 0.00000000
 0.00000000 0.00000000 0.00000000 0.00000000 0.00000000 0.00000000 0.00000000 0.00000000 0.00000000
Measurement 2 for value 8
============================================================
Program for calculation of partial differential equations.  
============================================================
(c) Dr. Thomas Ludwig, TU München.
    Thomas A. Zochler, TU München.
    Andreas C. Schmidt, TU München.
============================================================

Berechnungszeit:    46.813352 s 
Speicherbedarf:     257.126236 MiB
Berechnungsmethode: Jacobi
Interlines:         512
Stoerfunktion:      f(x,y) = 2pi^2*sin(pi*x)sin(pi*y)
Terminierung:       Anzahl der Iterationen
Anzahl Iterationen: 900
Norm des Fehlers:   2.92914352789e-07

Matrix:
 0.00000000 0.00000000 0.00000000 0.00000000 0.00000000 0.00000000 0.00000000 0.00000000 0.00000000
 0.00000000 0.00003861 0.00007135 0.00009322 0.00010090 0.00009322 0.00007135 0.00003861 0.00000000
 0.00000000 0.00007135 0.00013183 0.00017224 0.00018643 0.00017224 0.00013183 0.00007135 0.00000000
 0.00000000 0.00009322 0.00017224 0.00022505 0.00024359 0.00022505 0.00017224 0.00009322 0.00000000
 0.00000000 0.00010090 0.00018643 0.00024359 0.00026366 0.00024359 0.00018643 0.00010090 0.00000000
 0.00000000 0.00009322 0.00017224 0.00022505 0.00024359 0.00022505 0.00017224 0.00009322 0.00000000
 0.00000000 0.00007135 0.00013183 0.00017224 0.00018643 0.00017224 0.00013183 0.00007135 0.00000000
 0.00000000 0.00003861 0.00007135 0.00009322 0.00010090 0.00009322 0.00007135 0.00003861 0.00000000
 0.00000000 0.00000000 0.00000000 0.00000000 0.00000000 0.00000000 0.00000000 0.00000000 0.00000000
Measurement 2 for value 9
============================================================
Program for calculation of partial differential equations.  
============================================================
(c) Dr. Thomas Ludwig, TU München.
    Thomas A. Zochler, TU München.
    Andreas C. Schmidt, TU München.
============================================================

Berechnungszeit:    41.637190 s 
Speicherbedarf:     257.126236 MiB
Berechnungsmethode: Jacobi
Interlines:         512
Stoerfunktion:      f(x,y) = 2pi^2*sin(pi*x)sin(pi*y)
Terminierung:       Anzahl der Iterationen
Anzahl Iterationen: 900
Norm des Fehlers:   2.92914352789e-07

Matrix:
 0.00000000 0.00000000 0.00000000 0.00000000 0.00000000 0.00000000 0.00000000 0.00000000 0.00000000
 0.00000000 0.00003861 0.00007135 0.00009322 0.00010090 0.00009322 0.00007135 0.00003861 0.00000000
 0.00000000 0.00007135 0.00013183 0.00017224 0.00018643 0.00017224 0.00013183 0.00007135 0.00000000
 0.00000000 0.00009322 0.00017224 0.00022505 0.00024359 0.00022505 0.00017224 0.00009322 0.00000000
 0.00000000 0.00010090 0.00018643 0.00024359 0.00026366 0.00024359 0.00018643 0.00010090 0.00000000
 0.00000000 0.00009322 0.00017224 0.00022505 0.00024359 0.00022505 0.00017224 0.00009322 0.00000000
 0.00000000 0.00007135 0.00013183 0.00017224 0.00018643 0.00017224 0.00013183 0.00007135 0.00000000
 0.00000000 0.00003861 0.00007135 0.00009322 0.00010090 0.00009322 0.00007135 0.00003861 0.00000000
 0.00000000 0.00000000 0.00000000 0.00000000 0.00000000 0.00000000 0.00000000 0.00000000 0.00000000
Measurement 2 for value 10
============================================================
Program for calculation of partial differential equations.  
============================================================
(c) Dr. Thomas Ludwig, TU München.
    Thomas A. Zochler, TU München.
    Andreas C. Schmidt, TU München.
============================================================

Berechnungszeit:    37.717497 s 
Speicherbedarf:     257.126236 MiB
Berechnungsmethode: Jacobi
Interlines:         512
Stoerfunktion:      f(x,y) = 2pi^2*sin(pi*x)sin(pi*y)
Terminierung:       Anzahl der Iterationen
Anzahl Iterationen: 900
Norm des Fehlers:   4.87889341462e+72

Matrix:
 0.00000000 0.00000000 0.00000000 0.00000000 0.00000000 0.00000000 0.00000000 0.00000000 0.00000000
 0.00000000 0.00003861 0.00007135 0.00009322 0.00010090 0.00009322 0.00007135 0.00003861 0.00000000
 0.00000000 0.00007135 0.00013183 0.00017224 0.00018643 0.00017224 0.00013183 0.00007135 0.00000000
 0.00000000 0.00009322 0.00017224 0.00022505 0.00024359 0.00022505 0.00017224 0.00009322 0.00000000
 0.00000000 0.00010090 0.00018643 0.00024359 0.00026366 0.00024359 0.00018643 0.00010090 0.00000000
 0.00000000 0.00009322 0.00017224 0.00022505 0.00024359 0.00022505 0.00017224 0.00009322 0.00000000
 0.00000000 0.00007135 0.00013183 0.00017224 0.00018643 0.00017224 0.00013183 0.00007135 0.00000000
 0.00000000 0.00003861 0.00007135 0.00009322 0.00010090 0.00009322 0.00007135 0.00003861 0.00000000
 0.00000000 0.00000000 0.00000000 0.00000000 0.00000000 0.00000000 0.00000000 0.00000000 0.00000000
Measurement 2 for value 11
============================================================
Program for calculation of partial differential equations.  
============================================================
(c) Dr. Thomas Ludwig, TU München.
    Thomas A. Zochler, TU München.
    Andreas C. Schmidt, TU München.
============================================================

Berechnungszeit:    34.967944 s 
Speicherbedarf:     257.126236 MiB
Berechnungsmethode: Jacobi
Interlines:         512
Stoerfunktion:      f(x,y) = 2pi^2*sin(pi*x)sin(pi*y)
Terminierung:       Anzahl der Iterationen
Anzahl Iterationen: 900
Norm des Fehlers:   2.92914352789e-07

Matrix:
 0.00000000 0.00000000 0.00000000 0.00000000 0.00000000 0.00000000 0.00000000 0.00000000 0.00000000
 0.00000000 0.00003861 0.00007135 0.00009322 0.00010090 0.00009322 0.00007135 0.00003861 0.00000000
 0.00000000 0.00007135 0.00013183 0.00017224 0.00018643 0.00017224 0.00013183 0.00007135 0.00000000
 0.00000000 0.00009322 0.00017224 0.00022505 0.00024359 0.00022505 0.00017224 0.00009322 0.00000000
 0.00000000 0.00010090 0.00018643 0.00024359 0.00026366 0.00024359 0.00018643 0.00010090 0.00000000
 0.00000000 0.00009322 0.00017224 0.00022505 0.00024359 0.00022505 0.00017224 0.00009322 0.00000000
 0.00000000 0.00007135 0.00013183 0.00017224 0.00018643 0.00017224 0.00013183 0.00007135 0.00000000
 0.00000000 0.00003861 0.00007135 0.00009322 0.00010090 0.00009322 0.00007135 0.00003861 0.00000000
 0.00000000 0.00000000 0.00000000 0.00000000 0.00000000 0.00000000 0.00000000 0.00000000 0.00000000
Measurement 2 for value 12
============================================================
Program for calculation of partial differential equations.  
============================================================
(c) Dr. Thomas Ludwig, TU München.
    Thomas A. Zochler, TU München.
    Andreas C. Schmidt, TU München.
============================================================

Berechnungszeit:    33.484749 s 
Speicherbedarf:     257.126236 MiB
Berechnungsmethode: Jacobi
Interlines:         512
Stoerfunktion:      f(x,y) = 2pi^2*sin(pi*x)sin(pi*y)
Terminierung:       Anzahl der Iterationen
Anzahl Iterationen: 900
Norm des Fehlers:   2.78593839700e+268

Matrix:
 0.00000000 0.00000000 0.00000000 0.00000000 0.00000000 0.00000000 0.00000000 0.00000000 0.00000000
 0.00000000 0.00003861 0.00007135 0.00009322 0.00010090 0.00009322 0.00007135 0.00003861 0.00000000
 0.00000000 0.00007135 0.00013183 0.00017224 0.00018643 0.00017224 0.00013183 0.00007135 0.00000000
 0.00000000 0.00009322 0.00017224 0.00022505 0.00024359 0.00022505 0.00017224 0.00009322 0.00000000
 0.00000000 0.00010090 0.00018643 0.00024359 0.00026366 0.00024359 0.00018643 0.00010090 0.00000000
 0.00000000 0.00009322 0.00017224 0.00022505 0.00024359 0.00022505 0.00017224 0.00009322 0.00000000
 0.00000000 0.00007135 0.00013183 0.00017224 0.00018643 0.00017224 0.00013183 0.00007135 0.00000000
 0.00000000 0.00003861 0.00007135 0.00009322 0.00010090 0.00009322 0.00007135 0.00003861 0.00000000
 0.00000000 0.00000000 0.00000000 0.00000000 0.00000000 0.00000000 0.00000000 0.00000000 0.00000000
Measurement 3 for value 1
============================================================
Program for calculation of partial differential equations.  
============================================================
(c) Dr. Thomas Ludwig, TU München.
    Thomas A. Zochler, TU München.
    Andreas C. Schmidt, TU München.
============================================================

Berechnungszeit:    368.247757 s 
Speicherbedarf:     257.126236 MiB
Berechnungsmethode: Jacobi
Interlines:         512
Stoerfunktion:      f(x,y) = 2pi^2*sin(pi*x)sin(pi*y)
Terminierung:       Anzahl der Iterationen
Anzahl Iterationen: 900
Norm des Fehlers:   2.92914352789e-07

Matrix:
 0.00000000 0.00000000 0.00000000 0.00000000 0.00000000 0.00000000 0.00000000 0.00000000 0.00000000
 0.00000000 0.00003861 0.00007135 0.00009322 0.00010090 0.00009322 0.00007135 0.00003861 0.00000000
 0.00000000 0.00007135 0.00013183 0.00017224 0.00018643 0.00017224 0.00013183 0.00007135 0.00000000
 0.00000000 0.00009322 0.00017224 0.00022505 0.00024359 0.00022505 0.00017224 0.00009322 0.00000000
 0.00000000 0.00010090 0.00018643 0.00024359 0.00026366 0.00024359 0.00018643 0.00010090 0.00000000
 0.00000000 0.00009322 0.00017224 0.00022505 0.00024359 0.00022505 0.00017224 0.00009322 0.00000000
 0.00000000 0.00007135 0.00013183 0.00017224 0.00018643 0.00017224 0.00013183 0.00007135 0.00000000
 0.00000000 0.00003861 0.00007135 0.00009322 0.00010090 0.00009322 0.00007135 0.00003861 0.00000000
 0.00000000 0.00000000 0.00000000 0.00000000 0.00000000 0.00000000 0.00000000 0.00000000 0.00000000
Measurement 3 for value 2
============================================================
Program for calculation of partial differential equations.  
============================================================
(c) Dr. Thomas Ludwig, TU München.
    Thomas A. Zochler, TU München.
    Andreas C. Schmidt, TU München.
============================================================

Berechnungszeit:    184.899144 s 
Speicherbedarf:     257.126236 MiB
Berechnungsmethode: Jacobi
Interlines:         512
Stoerfunktion:      f(x,y) = 2pi^2*sin(pi*x)sin(pi*y)
Terminierung:       Anzahl der Iterationen
Anzahl Iterationen: 900
Norm des Fehlers:   2.92914352789e-07

Matrix:
 0.00000000 0.00000000 0.00000000 0.00000000 0.00000000 0.00000000 0.00000000 0.00000000 0.00000000
 0.00000000 0.00003861 0.00007135 0.00009322 0.00010090 0.00009322 0.00007135 0.00003861 0.00000000
